1 43(2(6(3),0(0)),41(0),17(3,29(0,3)),6,1(46(0)))
1 5(24(13(1),8,17(16),0(3)),0(0,0),1(0),9(7),42(1,2(6),6))
1 0(6(0(1,0(0),17(46))),26(30(2),0,8(14(8))),9(9,17(26)),1(2),0(26(1),29,5))
1 0(5(26,4,9(0(34)),0),1(6(2),1(7(0)),7(0),36(0)),1(5(0),25),5(0,7),40(49))
1 44(7(2),4(1,0(1(6))),13(38(0),1(1),14(4)),0(0,1),40(11,1(0)))
1 8(13(0(15)),17(2(1)),4(7(6),2,12),5,2(0,20(16),4,0(3(41,14),0(1))))
1 0(1(4,1(0),47(39)),4(4,13,2),12(33,39),4(1(18(8),3(0)),34,1),34(0))
1 1(4(4(0)),11(0(3)),0(31(18,2(2)),36,6),3(5(0)),26(0(0),11,2))
1 1(30(7(12,7),0,14),0,40(14,7(1(3),20)),27(0,18(8),1),5(1,0(9),9))
1 31(39(0,30),6(0,1(6,4(5)),15(24),1),23(7,0(0,10),1(3,12(30))),2(5),0(20(6(38,0))))
1 24(6(11(5)),4(7,13),0(1,1(18),1),4(0),2(1(4),9(2)))
1 0(39(6(3),1),2(1,6(4),11(0(24))),0(11(7(0)),17(2,0),15(9)),4(2(7(0),21),0(45)),24(4,4(14)))
1 46(9(1,3),0(1,20,34,11(2)),6(6,0,2(10,0(4),1)),32(0(39,46)),0(17,0(0,1),0))
1 0(28(9),1(7),0(0,42),33(13,1),8(43,35,45))
1 0(0(24(40),24,8(1),3(26,1),32(40)),14(19),1(3,1,9(7)),0(14,2,4),1(3(2,5)))
1 17(20(33,1(6(46,3)),16,17(1)),4(0,32(10)),7(3,2,0(27,8)),40(17(2),2,6(22)),0(1(0(25)),3))
1 4(0(28(3(41),2),26(0),8),15(37(0,21)),18,0(36(1),3,2(31)),16(21(1),3,5(5)))
1 0(0(17,0,11),0(2,0(47(11(0)),6,12)),1(12(1),1),1(22,8(8(2,0)),7(1)),5(21(0),8))
1 8(6(1(18)),9(15,6(2)),7(0(0),0),34(46(9),33),35(0))
1 10(5(4,0(16)),31(35(4,42)),3(29(2(0),36),0,1),3(0(7),0(30)),21(16(13),15(7),15))
1 40(13(0,0,0),0(0(23),0),4(0),14(0(0),0(1(1)),8(14,0)),19(2,0,16(48)))
1 12(0(0(1,1,28),1(3(41))),3(43),18(25(14(28)),1,0(0)),10(0(0),11,1(8),6(11)),6(0(14),0(0),4(26),26))
1 0(1,3(2(1)),24(0),17(0,19,6,48,1(0)),0(12(0),8,11(0)))
1 0(11(6),0(4(1),0,19(0)),16(5(2),0,18,16(17,3(0))),7(9(9),28(2),18(1(0))),0(4,7,1(3,1)))
1 4(3(18(5,4)),4(0(4,14)),2(43(27),0),3(1,2),1(3))
1 12(0(1),1(1(0,4,24(1)),49,0),22(1(1,43(0),1),49(22)),4(20,5,9(23(11),2(23)),37(45)),7(8(31),47(1(1)),3,2))
1 0(1(0,0(2,17,31),0),22(3,41),0(15,0(31,29),10(22)),1(24),0)
1 0(44(15(33,0),11(8),1),4(0),0(18,5,7(1)),21(34(7,27),3),21(2(49(11))))
1 3(19(3(19(19)),0(5),0,3(2),0(1)),14(0(0,0),6(23),0(7),1(8(2),48)),0(18,1),5(34,1,2(9)),3(10(0),0(14),14,7))
1 8(3(0(0(18)),9(0(21))),1(0,25,0(40)),1(1),0(9,34(1(35)),2(0,11(14))),3(14(3),29(0),41))
1 41(3(27(40),30),39(10,3,12),13(0),3(1(17,5),1(1,0),6),1(1(3)))
1 6(5(2,4),1(3),0(10,2(0(0)),32(1,11)),0(0),3(26(1),8,19,3))
1 41(14(47(1),39),11(1,0(2),0),43(4),0(1,2,4(1,12(37))),5(2(1(28),31),14(0)))
1 1(6(25(8)),15(46),1(1,1),4(30,0(1),49),6(30(5,18),14(0,4)))
1 27(0(19,3),16(1(0),9,40(16),0(13),0),1(2,17(0),49(27(0),2)),1,3(44,2,0(41(36)),15(2(2),32,28)))
1 0(0(4(2,6)),6(11,9(0)),2(0,11(23)),0(11),42(46(17,3),18,1))
1 2(15(18),0(7),9(4(0(5)),29,25(38),19(7)),7(10(21,30),1(33)),1(37(48,1)))
1 41(1(0),4(4(0(0)),2),8(35(26),0(16),9(6)),0(3(3),6,6),47(0(9,0(0)),6(1)))
1 0(2(1,1(7)),12(10,32(5(0),1),31),0(0(10),3),11(18(4)),12(1(11),0))
1 41(0,7(0(8),38(0)),22(1(1)),19(1(3),4(0),2(6),6(0)),0(6(5(31(29))),49))
1 1(0(14(6,0(23)),28),5(5,0),0(0(31),3,5(6)),10(1(28),0(0)),33(0(7,0(1(4)),1(5)),0(0),2))
1 6(1(1),2(0,0(7(1(2),0)),2(2)),0(3,42,0),0(4,2,0),0(0(4),4(6),4(32)))
1 27(17(7(16)),1(17,0,0(10(47),2)),1,1(12,0(0)),2(7(0),0,48))
1 0(22(5,7(2(5))),22(1(1),9),49(0(21,0),38,16),23(5,5),28(0))
1 2(0(46),11(0(0),0),27(3(33)),0(22,2,29(23,0)),0(46,0(9),0(6)))
1 15(1(3,12(26)),1(0,1),5(13(5),8(10,12),2),2(2(3,47)),41(2))
1 6(0(0(6(7))),41(1,7,1,19(0(5))),19(1(19),1,2),1(45,5(16)),10(7,0,0,1(0,3)))
1 21(16(8(2,42,12(0))),0(0,22),39(0(31(13),11),0),4(1),35(0))
1 0(20(22,33(0),5(25(2))),22(7,16(32(7(1))),4),1(0,4(4,36(0,25))),8(38),11(4,6,3))
1 17(0(33(13),0),0(1(2),14),47(35(22),4(9,3),35(0(1(7)))),7(1),12(5(0,0)))
1 3(0(8(49,25)),1(0(10),3(11),25),35(5,5(29,0),10(6)),47(16,29,8),4(0(5),3))
1 3(2(3(4(1),0),7,29,0(14)),1(4(19),43),15(4,2),1(13,4),31(0))
1 2(27(10),4(1(49),39,1),4(14),6(0,0(4),49(0(7(5)),1),0(12(45),3),0),0(21(1,0),26(18)))
1 2(7(3,1(0)),1(3(2),2(0),38,22(0)),15,1(17(1,0,9),23(3),14),2(0(26)))
1 0(5(9(8),15),0(22,0),4(12,0(1),3),4(7),0(31,0(2)))
1 35(19(8,0),47(3(4(5),19),0,37,21),5(3(4),4,0(40)),42(10(12),38(2)),2(45(0),35))
1 2(3(5,0,24),1(3(25,0),1,13(5),41(15,45(17))),8(4(0),4,0(1)),0(9(2,6),9(33),40(1)),23(14))
1 1(0(6(0(3)),2(3(37))),1(15(0,33),5(0),6(8)),8(1(16)),10(1,16,13(27)),1(0,16(0),12(5)))
1 0(15(13,8,22(0),0(6)),19(35,2(7,5,35)),1(8,0(4(42))),2(4,32,31),0(4,17(23),20(4)))
1 0(14(0,4,7(0)),3(24,33,2),42(1,9),4(4(8,3),0,8),2(8(5(31)),17))
1 0(7(0,13,12,40),40(0(0(3,3))),1(0),0(9,22,6(26)),1(3(32(18)),0,0(34)))
1 23(45,8(8,1(7,10)),2(0,38,19),27(12(3),28(1),9(0),0),0(2,0(0(34)),0))
1 0(7(5,0),4(19(2),0),37(14),3(8,2(41,36)),8(5,16(39(1))))
1 10(0(2,3),3(0(0),14(0),14(0),0(0)),34(3,25(27,5,23)),22(19(46),2(12,4),1(3,1)),0(20,4,12,5))
1 4(5(22(3),9(16(49)),2,2(0)),3(12,7(14)),1(4,24(25(7),9),17(31)),38(0(1)),3(0(0),7,0))
1 0(0(2(8),2(3(33))),25(40(2,0(26(1))),0(6(0))),2(1(8),5,1(2,7(33)),0(3,6)),22(5(13),0(6),1(5),18),0(0,0(32),0(6)))
1 47(0(26(30),0),34(2(36),1(1),1),16(2(3(13),1),18),25(17,42,22),15(3,43(4(3),16),1(18)))
1 1(11(20(37),11),8,13(32(33),0(3),4(5(1))),4(15,3(26),22,26,16),1(41(0,1),7(0(3),0),2,37))
1 17(33(0(11(1),0)),0(17,22(2),3),0(22(1)),0(2),15(0,1(0)))
1 2(2(21),35(9),5(6(21(22),2(38))),19(34),0(0(40)))
1 2(1(6(0),10(17),1(4)),0(1(0(2))),0(9(12(42)),1),0(10(0)),7(0(25)))
1 33(15(10(13),22(6,5(2)),5(1(13))),0(1(0),0(8(8)),31(34)),0(19,18(0)),16(0,1,10),27(45,0(0,1)))
1 0(2(28(0),1(10)),13(45(1),6,17(16),10(2)),29(1(1,9),9),1(5(2,0(25))),2(1,4(2)))
1 16(0(7(18,1),15),15(5),13(34(1,1)),0(22,2(13(5)),24),0(37(33(14)),5))
1 0(21(5,2,14,39(23)),8(17(5),1(0),0(0),46(46,23)),0(0,0,0),49(4),0(3(13(0,15(43))),5(9),7,43(19)))
1 36(3,6(2,20(7)),23(0(3,7),0(0),3),1(20),2(25))
1 0(8(7(4(0))),1(9(20),6,22(0),37),1(0(5),5(16)),1(17,2(0(7))),14(17(5),14(0(14))))
1 0(24(0(0(36)),15),33(31,1(4),0(48)),4(9(1),0,1),0(5,9(0),0,0),11(15,7(5,45),1))
1 5(28(27(0),2,0,2),2(33),2(0(0,2,0),0,0),13(34(22),7(1,0(2),0),38(38)),8(9(1(28))))
1 21(42(2,0(2,3)),10(47,4(20)),2(13(0)),0(17(6),1(0),7(4),32(11)),6(1(0),2,30,8(13)))
1 3(0(0(2),7(0),0,0),37(0(1),2(21),23(1)),5(18(8,7),0,23,17(18),41(0)),49(11,0(36,17)),4(1(0,36),0(0),12))
1 9(0(0(0(0)),11,31),0(40(0,10),0(3,4(13))),1(15(2),16(3,1)),0(1(2(1))),40(2,7(28)))
1 1(2(22,0,6(10,1)),29(1(3),2(25)),1(6(1(4)),13),1(27(5),2,1(7,26(25,2,0))),9(0,2(1)))
1 2(7(0),5(1,0,1(2,1)),11(34,0(2)),6(3,19),0(7(16,5)))
1 3(48(31,16(9),1(6(20),0)),47(2,1(4(0(43))),1),0(45),2(0,41),0(0,2))
1 7(30(0(38),12,0(2)),34(6),0(9(10),0),9(9(19),0(4),1),14(5,0))
1 36(1(0,2(5(28)),5,4,12(31)),1,5(5,40(1),3),4(9(0,31,9)),0(0(0,1)))
1 1(48(28(3,1(21(5))),24(8)),1,0(5(21),18(0),7(0(20)),5),0(2(11,7)),0(4,18(1)))
1 4(4(0,0),22(0),0(0(3),0(7),2(8(7),3)),12(0,6(0,24)),2)
1 29(15(31,4(2,47,46),20),8(16,4(20),16(34)),0(18,3(39),0),36(28(32(10)),2(1),31),0(5(29),11(1)))
1 2(4(6),44(0(1(20))),5(9,1),3(4(33),8(0),18(10,1)),3(41,0(11)))
1 2(37(14(2),0),5(47(8),18(1),40,47),6(5(0),0(0,42)),48(44(9(10)),9,10(3)),6(5(0)))
1 9(6(29),0(30(2,34),9(4)),7(1(0),4,17,1),11(23,0),20(18,3))
1 1(0(0(21),3(1)),0(1(1),1(6),1(5),3(25,2(0))),0(3(0),0(6,2(7)),23,0(8)),4(7(0,0),0(7),3(31(4(16)),7)),27(38(0,3),13,9))
1 10(11(15(3,7),30(0(1)),24(0(20)),2),19(7),2(0(10),6),38(5,4),3(0,2(1)))
1 17(0(0,0(37,17(0)),2(2)),20(0(10)),3,49(1(0(29)),0,0),38(41(25)))
1 46(0(9(4,10),0),15(19(6),1(4)),7(0,3),0(2,1(2)),1(12,7(29)))
1 19(1(2),8(21,8,0(4),4(0(0))),46(22(4(1)),14(23),12(0(2))),1(21(11)),1(24(0)))
1 1(0(19(0)),14,1(3(0,1),39),4(27(14(9)),7(0(6))),21(13,18))
1 26(4(1,0),5(9,0(32(28))),4(23,7(6),6,2),3(0(4,19),0),18(1,3(5),0))
